
     ,o888888o.    8 888888888o.      8 888888888o    8 8888
    8888     `88.  8 8888    `^888.   8 8888    `88.  8 8888
 ,8 8888       `8. 8 8888        `88. 8 8888     `88  8 8888
 88 8888           8 8888         `88 8 8888     ,88  8 8888
 88 8888           8 8888          88 8 8888.   ,88'  8 8888
 88 8888           8 8888          88 8 888888888P'   8 8888
 88 8888   8888888 8 8888         ,88 8 8888          8 8888
 `8 8888       .8' 8 8888        ,88' 8 8888          8 8888
    8888     ,88'  8 8888    ,o88P'   8 8888          8 8888
     `8888888P'    8 888888888P'      8 8888          8 8888